[]
[]
[]
[[0.66000000000000003, [46.485414051222776, 667]], [0.67000000000000004, [26.442218809058858, 668]]]
[[0.33000000000000002, [33.469939320630495, 334]], [0.34000000000000002, [51.01134437643629, 835]]]
[[0.66000000000000003, [55.86936843739484, 167]], [0.67000000000000004, [20.009048876408457, 168]]]
[]
[]
[]
[[0.0, [0.012172046359277128, 0]]]
[]
[]
[]
[]
[[0.0, [32.163722109822494, 251]]]
[[0.0, [32.160640796052064, 751]]]
[]
[]
[]
[]
[]
[[0.0, [0.0008915408946741817, 0]]]
[]
[]
[]
[]
[]
[[0.66000000000000003, [49.11701460744734, 417]], [0.67000000000000004, [23.964698746396667, 418]]]
[]
[]
[]
[[0.0, [17.522295073395757, 751]]]
[[0.33000000000000002, [41.80741239415635, 584]], [0.34000000000000002, [58.871437404472644, 585]]]
[]
[]
[[0.67000000000000004, [48.61714985053096, 793]]]
[]
[]
[[0.33000000000000002, [34.898522860059444, 584]]]
[[0.33000000000000002, [37.97629884393209, 334]]]
[[0.66000000000000003, [56.39923152039674, 417]], [0.67000000000000004, [31.454392464775975, 418]]]
[]
[]
[[0.33000000000000002, [39.48643185908693, 709]]]
[[0.67000000000000004, [39.48624408081168, 293]]]
[[0.0, [21.605747924644078, 501]]]
[]
[]
[[0.66000000000000003, [51.20094103267347, 417]], [0.67000000000000004, [26.594295966547314, 418]]]
[]
[[0.66000000000000003, [58.74478084146374, 542]], [0.67000000000000004, [31.591471991131332, 543]]]
[]
[]
[[0.33000000000000002, [26.59233053712371, 584]], [0.34000000000000002, [51.20293439866846, 585]]]
[]
[]
[]
[[0.0, [16.856752892924362, 376]]]
[[0.33000000000000002, [28.01798773364786, 584]], [0.34000000000000002, [48.57480274681289, 585]]]
[]
[[0.66000000000000003, [48.57775229707014, 417]], [0.67000000000000004, [28.013639216468437, 418]]]
[]
[]
[[0.33000000000000002, [31.034374200331406, 459]], [0.34000000000000002, [55.297768059209815, 460]]]
[[0.33000000000000002, [41.26410208542566, 709]], [0.34000000000000002, [58.38039222145714, 710]]]
[]
[[0.0, [0.025046043638051747, 0]]]
[]
[]
[[0.67000000000000004, [40.94473259261526, 668]]]
[]
[]
[[0.14000000000000001, [55.67351424901293, 522]]]
[]
[]
[[0.66000000000000003, [58.38100631151585, 292]], [0.67000000000000004, [41.26207425881523, 293]]]
[]
[]
[]
[[0.66000000000000003, [44.54374628886747, 542]], [0.67000000000000004, [25.559152564452656, 543]]]
[[0.85999999999999999, [55.47442788911356, 480]]]
[[0.33000000000000002, [40.94229748973505, 334]]]
[]
[]
[[0.33000000000000002, [42.9071015589607, 709]], [0.34000000000000002, [56.9164774877134, 710]]]
[[0.66000000000000003, [52.729489641003404, 667]], [0.67000000000000004, [38.47474453228277, 668]]]
[]
[]
[]
[[0.33000000000000002, [38.476296510418166, 334]], [0.34000000000000002, [52.72766642661847, 335]]]
[[0.66000000000000003, [54.987953386765234, 292]], [0.67000000000000004, [42.19319842698909, 293]]]
[]
[]
[[0.33000000000000002, [25.58008555700921, 459]], [0.34000000000000002, [44.524797590800915, 460]]]
[]
[]
[]
[]
[]
[]
[]
[[0.33000000000000002, [29.7340406733745, 584]], [0.34000000000000002, [44.73957078422787, 585]]]
[[0.66000000000000003, [56.903776107484774, 292]], [0.67000000000000004, [42.91991518060481, 293]]]
[]
[[0.68000000000000005, [58.37585123767335, 544]]]
[]
[]
[]
[[0.66000000000000003, [53.34738639654206, 167]], [0.67000000000000004, [43.99870853994275, 668]]]
[]
[]
[[0.0, [15.176732117472637, 626]]]
[]
[]
[]
[]
[]
[]
[]
[]
[]
[]
[]
[]
[[0.0, [15.1758580358291, 376]]]
[[0.0, [0.7432866690222016, 501]]]
[[0.35000000000000003, [59.05472445252556, 962]]]
[]
[]
[[0.0, [31.401313092466836, 251]]]
[[0.0, [31.401058714841337, 751]]]
[[0.65000000000000002, [56.28270678817164, 41]], [0.66000000000000003, [28.702623998823725, 542]], [0.67000000000000004, [46.23931652680035, 42]]]
[[0.33000000000000002, [48.93864465653607, 960]], [0.34000000000000002, [30.22724319616065, 460]], [0.35000000000000003, [54.24166986337483, 961]]]
[[0.0, [15.753401143291116, 376]]]
[[0.0, [15.758075335239031, 626]]]
[]
[]
[[0.0, [0.006452596303688337, 501]]]
[]
[]
[]
[]
[]
[]
[]
[]
[]
[]
[]
[]
[]
[]
[]
[]
[]
[]
[]
[]
[[0.67000000000000004, [52.50655954943994, 543]]]
[]
[]
[]
[]
[]
[[0.65000000000000002, [59.662244842547885, 41]], [0.66000000000000003, [39.614062551238526, 542]], [0.67000000000000004, [55.771468936368045, 42]]]
[[0.33000000000000002, [52.16060558542717, 960]], [0.34000000000000002, [35.74301270840054, 460]], [0.35000000000000003, [59.13733007563383, 961]]]
[]
[]
[]
[]
[]
[[0.33000000000000002, [45.57105112002466, 960]], [0.34000000000000002, [35.978174308093124, 460]]]
[]
[]
[]
[]
[[0.66000000000000003, [34.208228663221796, 542]], [0.67000000000000004, [44.998374914533976, 42]]]
[]
[]
[]
[]
[]
[[0.33000000000000002, [59.894417525026945, 709]]]
[[0.66000000000000003, [58.6345444682224, 542]], [0.67000000000000004, [33.538891624741254, 543]]]
[]
[]
[]
[]
[]
[[0.66000000000000003, [45.95719625918253, 917]]]
[]
[]
[[0.67000000000000004, [48.99033342160278, 418]]]
[]
[]
[]
[]
[[0.0, [43.942134239724155, 251]]]
[[0.33000000000000002, [48.372298541033835, 709]]]
[[0.33000000000000002, [55.44289867426157, 584]]]
[[0.33000000000000002, [44.4651939761094, 584]]]
[[0.67000000000000004, [44.46741045573379, 418]]]
[[0.33000000000000002, [48.98820023172718, 584]]]
[[0.33000000000000002, [33.54371340598077, 459]], [0.34000000000000002, [58.629465224703935, 460]]]
[[0.67000000000000004, [59.89078484151892, 293]]]
[[0.0, [0.00240371958683255, 0]]]
[]
[]
[[0.33000000000000002, [53.42958981062607, 334]]]
[[0.33000000000000002, [32.14017906695043, 459]]]
[[0.33000000000000002, [39.27480562133034, 459]]]
[]
[[0.67000000000000004, [49.47625833719574, 418]]]
[[0.67000000000000004, [32.13745825857229, 543]]]
[[0.67000000000000004, [47.679748695609014, 543]]]
[]
[[0.33000000000000002, [44.06420064021818, 584]]]
[]
[[0.67000000000000004, [44.061860595737926, 418]]]
[[0.0, [43.93551814146959, 751]]]
[[0.33000000000000002, [51.817202603829394, 334]]]
[[0.33000000000000002, [58.74921497062335, 709]]]
[]
[[0.67000000000000004, [33.510646660584506, 543]]]
[[0.67000000000000004, [51.81379261908747, 668]]]
[[0.33000000000000002, [47.69804481237117, 459]]]
[[0.67000000000000004, [53.425136247770844, 668]]]
[[0.0, [19.760191003922856, 376]]]
[[0.67000000000000004, [58.74800649915853, 293]]]
[[0.33000000000000002, [36.344345571284684, 459]]]
[]
[[0.33000000000000002, [44.061929157745844, 584]]]
[[0.67000000000000004, [52.95343382091821, 418]]]
[]
[[0.0, [22.179909857510992, 376]]]
[[0.33000000000000002, [55.782357497167034, 334]]]
[]
[]
[[0.0, [24.343712160291936, 626]]]
[[0.0, [24.346822687002813, 376]]]
[[0.0, [45.197885164619336, 251]]]
[[0.0, [0.003934229380810449, 501]]]
[[0.0, [22.199811591159204, 626]]]
[]
[]
[]
[]
[[0.0, [0.11988905850800027, 501]], [0.33000000000000002, [55.97881816838007, 459]], [0.67000000000000004, [55.78760190126345, 543]]]
[]
[]
[]
[[0.33000000000000002, [58.295699807577236, 459]]]
[]
[]
[[0.0, [5.408717307624673, 626]]]