1.999999999303721
2.999999070011761
3.0000008786362735
1.999999998199411
2.9999999506643356
2.000000171044458
3.000000459352691
2.999999990699932
3.0000016068294455
3.9999998826724656
2.9999999299474904
3.000000034963768
4.000000220995993
3.9999995957307215
4.000000014515121
3.9999999789449148
1.999999977011893
2.000000088980709
2.0000000108507856
2.0000000040412216
3.00000012568068
4.000000083996991
3.0000000553640116
3.9999999908309958
2.999998674474857
2.000000008703904
2.9999970222327175
1.9999993022455322
3.0000008316168483
4.000000012044818
2.000002109180679
3.000000065025782
3.9999999134751567
3.9999998301964306
3.999999932725443
3.999999718379734
2.9999999790568177
2.0000000036440198
3.9999941580867366
3.9999999216225697
4.00000020300157
2.9999992294872335
1.999999997408327
3.9999995266261448
3.999999980167649
4.000001891064355
2.0000000011668306
4.000000119319635
3.9999999952772494
4.000000029486117
4.000000067889742
9.999999994089345
9.999999917604233
4.000000014578361
3.9999998858680925
10.000000052753517
9.99999990527108
3.999999204183949
4.000000002856777
9.999999745199057
3.9999999918131794
9.999999703346502
9.999999764636717
4.0000000179510895
3.9999999932768326
9.999999789598833
4.000000175911656
9.999999586062653
9.999999682955451
4.000000002939858
9.999999822186334
9.999999570381924
7.999999890931563
9.999999710214441
4.0000017672748935
3.9999999995452806
9.99999967280332
9.999999826566958
9.999999511798881
3.9999999860716335
7.999999595893803
4.000000015019133
10.00000001482499
9.999999943148692
3.9999998748719308
4.000000002107553
10.000000015121635
9.999999999159234
9.999999945289103
3.999999998616427
3.999999992824898
9.99999992316824
3.999999546914926
4.00000002051475
8.999999978384723
9.000000048130717
3.9999999529565784
9.999999896307424
9.999999904192348
10.000000179593426
9.999999869481965
3.9999999894622547
4.000000170256182
9.999999850719679
9.999999891300787
9.999999775684442
9.999999833272087
9.000000058695385
9.000000009647602
8.999999935287693
3.999999460415061
3.9999998785659376
10.000000150409186
10.000000100365563
10.000000009389204
9.999999851497162
10.000000046170655
9.99999996282178
9.999999920953359
10.000000025041837
9.999999793112787
9.99999980926448
9.99999989836603
9.999999865805387
4.000000031008008
3.999998320071681
10.000000176261507
10.000000321627544
10.000000229768698
4.0000000070301756
4.000000007632664
9.999999976175424
9.99999996750122
3.9999999961970976
4.000000016667718
10.000000075717436
9.999999506049933
4.000000002094719
10.000000182221845
10.000000318921058
10.000000242860697
10.000000205586595
10.000000019986283
10.00000010012925
10.000000172368178
10.000000153031776
10.000000082900755
10.00000000552505
9.99999997527875
10.000000230293576
10.000000230926354
9.999999916309061
9.999999920566031
9.99999971916351
10.000000017070384
9.999999944159697
9.999999902406643
10.000000026629461
3.999996127569772
9.999999936578785
9.999999906308116
9.999999959396701
9.999999852227408
10.000000026783086
9.999999981727003
10.000000012333029
4.000000189062485
10.00000022790568
9.000000068069282
9.000000196223214
10.000000203353897
10.000000103673457
10.000000062165077
9.00000003122835
8.999999951469752
10.000000080079921
9.999999971137745
4.000000002992675
10.000000138855267
9.000000035406131
9.000000033559424
10.000000157303875
3.9999999961795685
4.000000017632833
10.000000125707398
10.00000014738539
9.999999987579745
10.000000102473852
10.000000140192038
10.000000085858153
10.000000036026735
10.000000091870222
3.9999999489483384
1.9999999928718122
4.0000001025250445
3.9999998471886418
2.9999999598540437
4.000000096501042
3.0000000721210824
3.9999999347754205
3.9999999484392594
3.999999999322925
3.9999999095925247
3.9999999990728776
4.000000003476022
4.000000002707748
10.000000065929003
10.000000095275915
3.9999999991949156
3.9999999994057673
4.00000001381609
10.000000005628532
4.000000216439262
4.000000015756641
3.999999998659127
2.9999999778705813
3.999999991981661
10.000000069539773
3.999999987981693
3.999999917486847
4.000000001866149
3.9999999915944993
2.000000000108101
3.9999999971170475
3.999999989646546
4.000000017746074
4.000000003817587
3.0000001731907258
4.000000017434531
4.000000004505836
4.000000081404852
4.000000010297479
4.000000025456671
3.0000000030190153
3.9999976817613407
4.000000044357815
3.9999999951444503
8.000006165702054
3.9999999994374726
3.9999999976219933
4.0000000043222865
3.9999999985886108
3.999999992885598
3.00000212824161
1.9999999923670988
2.999999788704742
3.999999956007508
7.999999845295879
8.000003463929152
3.000000199805547
1.9999999921053133
2.9999999453760076
1.999999999596644
2.00000002968625
2.000000000563427