18.9088552621
18.3917397286
19.096656496
17.4581505669
15.3548277656
16.9261755845
11.3187068152
18.0743540342
6.80480083455
17.4427413248
0.735095610724
16.8096640714
7.91788215227
6.71854370701
15.1411589956
14.6598159621
17.4039274612
18.0539855699
7.08678357079
8.61071420555
13.6142145188
14.4919377502
16.1212476587
0.873266449321
8.92626060351
16.931740046
10.6881415065
6.21888586862
3.30318401055
5.81648636055
0.14099246821
2.04623060107
1.10823323015
17.72043549
5.61084762349
8.47685376437
4.56848528936
17.9879295074
0.449981036634
14.0103928901
0.779737078023
1.00364676622
15.5254631725
17.4827920806
0.229984232853
17.9501859358
18.5793569854
1.60612577936
7.63182212147
17.4164915432
2.97513784898
1.04566326269
0.76407004718
17.3588976636
1.05848708108
0.259679271944
0.440332248293
18.8324669752
13.8454591167
3.21989613621
10.9792928887
0.390650424271
0.51488635999
1.34855584971
15.1708212135
0.100917290454
16.7268361204
15.9149256378
0.467822532876
8.69982587963
0.0897786702918
0.391592656037
9.68029439091
0.425183667561
8.41090619202
9.72255644474
0.0815107689036
16.291481302
0.444506346971
0.625186959312
18.2537298281
16.4992231675
0.631450406468
0.465588964573
15.4456488474
0.366684857411
0.0590752607208
0.0762171651499
0.27737636618
16.3327007382
0.25417285795
0.052310895321
17.9387436601
2.01047306211
18.3056363656
3.46273201835
0.526110363452
0.283803049298
0.0449110660307
14.9229838223
0.260932676143
2.00971024263
10.3953020024
0.0420935138882
0.582585987514
1.4605006123
0.131364942648
17.2602637709
16.1384189755
0.382267520048
17.7819253622
16.4256090815
0.239573392762
0.0382686526339
14.7077241675
3.2825038627
15.7912137066
15.3517807789
6.87440020531
0.650011673395
0.185103149213
0.0314688207907
15.3013335989
9.07937772054
0.819955853357
0.932967233407
17.393194327
0.238251164798
0.0315319360913
2.15739567666
17.8716446667
16.0600573799
8.22250692651
0.613937254693
18.3365753136
17.1514506991
8.20151451771
3.4885268339
17.5419869382
0.254669695081
0.0309405118953
7.18624190864
16.3311546259
8.64738570538
15.9319216737
0.171735018378
1.4725208367
0.126856204002
0.0810456663764
17.568711403
7.79450536813
3.24274195256
9.90011284911
0.276015373762
3.45364077706
16.9575337838
6.65332658559
18.0560489639
0.263336615729
17.6460939147
10.1960247034
0.628247462211
17.6366645264
8.3310387631
18.2193178062
9.54482302192
0.0301185628276
0.175564062624
2.25633181905
6.81425967719
0.0288902118436
15.2967050249
15.1036035809
4.33097114022
0.490139267741
2.68178665329
8.1821104218
0.132528575409
18.1297579336
0.776254129967
7.10837491329
8.71621042176
0.0303191614392
0.130330616548
0.216806961177
0.0287455417489
0.270666993809
1.44012701088
0.0948460616259
0.0295215501436
3.81994825469
0.0460239128698
0.128606417578
0.751941452519
0.129232184872
0.0299578830144
0.439601851745
17.3763400504
0.0394226690817
0.0301742505361
0.0301676765643
0.14387819952
0.030182047155
0.0303036108831
0.131009067656
4.45852035108
5.13547002185
0.632824937116
0.0302751243835
0.030153308921
0.0301391525496
1.81331396338
0.139346257142
0.129492612392
0.129003435149
0.128882154799
0.0302334701703
0.284190319997
0.129084256312
9.93141229282
0.0301832317845
0.0302113160521
0.0493804829294
0.128880973911
0.128822272601
0.0300927320228
0.129736028854
3.18532124328
0.128922723794
0.0301120811634
0.130279419796
0.0302046879219
0.12915600071
0.131934349304
0.650900513618
0.0301572253979
0.0301704098735
17.1725861193
16.1078230067
2.45774141439
2.55127223478
4.11126542289
2.44956614865
0.030429761382
10.7318465888
0.030115142214
0.0301163800982
4.07007446905
5.35526415424
0.0300901810857
8.03616099645
0.0300653983612
17.1950937205
0.030051792772
0.129804278516