2.0185954828253925
3.743175782861352
1.8046500181698493
3.7193537602835196
-0.3587302204448616
1.7258939004366451
3.201931158710262
1.8365126453394776
2.1398067125198255
0.5060114799309874
0.9220507984512385
3.0496319216672676
4.564112617499406
2.6543029406722596
3.621191216241114
2.75440762728529
-1.0892908186615504
1.9834747747399981
1.2316340389412792
-0.3404780452732963
1.256702508309583
4.586705675027438
4.605889033524613
1.0470791183993977
0.4352074948600603
-1.5293887655476297
0.744112104183844
4.366537462041633
0.28008513418979625
3.7400704571345402
3.1204682776709065
1.2249680150378575
1.81156473968721
0.026972014286144506
0.947167432698604
3.2777225762056412
-0.42365045392934375
3.132641725346648
-1.0475237684977101
-1.1804987771968765
-0.029018039418027258
1.9732274781603372
3.6547174763200694
2.3041346930969024
0.7680095532793394
2.388457551109081
0.7889033914219142
1.5201578918757996
3.741833454587097
2.3220422355033064
0.7227392101582317
1.7706790280115705
0.9148244155733125
2.6053858166901107
3.6083683369352446
1.2931005767536008
2.2243281737345124
2.144923510603071
-1.2285248042988604
4.668343639886329
3.110254813351538
2.955803907144572
-0.08831324693251305
0.7045857852669093
3.949639774841624
-0.06653317360103078
0.7945089736270106
1.6806982181685397
-0.24915643818462554
0.7943509041648736
-0.3102847243539752
3.4497566803501973
0.04602075205802138
-0.3931562550314525
0.569633507071216
3.6348036027489625
-0.5591685488714644
0.8747359952263838
3.682965501524645
1.712022546942784
-1.0604536950286712
4.3435709304999985
0.6371327034351004
0.035894608286726665
3.6351277166678715
0.9588272693039493
-0.5102210551960065
0.15267356616539524
-0.9741116042290309
1.0342848714678479
0.5673531270590436
1.5166258069260574
3.4047205919101233
-1.539741722507824
0.8669038128640125
-0.9776016683963078
-0.6790119019728273
-0.6282477051949112
-1.4745185083341417
0.86586567032816
-0.7304864050504583
0.8989094019929179
-0.14734144371429597
1.4736410143881322
4.416979272485351
2.2526447484229903
1.3005990255626534
0.3469557793746645
0.9325581493662508
-0.5311570282423058
1.5827810457805473
2.5612612376345245
-1.28365768580517
0.9131106071923698
2.119159159292759
-0.8804686900557082
0.467216727277568
3.6542041258998044
-1.030766714449253
-0.9661069278191539
-1.2460626124789742
0.46879697474830817
4.06581037805845
0.05407372914019949
3.369921372298512
2.9481196478449467
1.0828778984919336
4.707888673056354
3.5556230241761697
4.642036288966572
-1.066796088917761
-1.1541147650854118
2.7391178385403316
2.6851557919334925
-0.9562350970709692
0.3959553137786065
0.6471153972476016
0.8904498200832638
1.4956682225594433
4.620392115430418
3.4728983821196424
4.638922858158629
3.813991590200831
-1.1122550871312515
0.7170442309096587
0.0684779693424636
-0.5986307723097504
-1.2790880853121789
1.400107620704406
-0.6608840886148116
4.00966104233814
2.9069832401274858
0.2910223517705574
0.08711164969276379
1.4591981287653653
3.926783007586934
0.7555423133293756
1.2699042431971215
0.23455242085452188
4.240408159423985
0.29018028523485206
-0.5570686942589739
1.625518300813446
4.423592458600083
1.539685954334234
3.12020486736926
-0.15705814782424343
4.189323987178442
4.613894867247492
0.6108883044443093
2.5000559065355272
-1.4329903127335755
1.5395033264594675
-0.32509041290555246
2.3634059208006013
4.704325245973299
4.7051989143308415
1.608218589670336
1.8163688458453013
0.8385505634206113
3.2289485445160526
0.584015491494167
3.5085279717918763
-0.9441061960578906
4.076270177062108
2.5007278484504334
4.074581688744494
-0.7858120986845734
1.3404423052559307
2.7386662822856547
-0.33518181721611395
-1.4001205540929302
-1.2603864403130554
2.0521666300011754
-1.398912295534766
4.56493140995579
1.1222081645438184
-0.8894951745970242
0.15407436089386967
3.2044057842793015
4.358123031070189
-0.15355292613042482
3.2869972419851736
3.59914990971483
-1.0032411375287797
3.7324283343707636
-0.32217962208807316
0.7956206443325795
3.5076231962289754
3.4876007305549424
4.422730124448
1.9048451274859475
-0.13652995416414856
-1.1039860570318707
4.195126042884887
4.0095902904607055
3.5601531887555486
-0.5667321008534417
-0.9843236202590583
0.3722257831200627
3.5344697903184534
3.654547628934991
0.772771340880496
-1.055172913425193
-1.0515550456125449
-0.6402769001620997
-1.034993334688063
0.16273523119824793
-0.8924264357930183
3.5939068713804194
4.236642167421142
3.4343317521200003
-0.3622216195003865
4.515676967627112
4.323985701709322
3.8758531370262848
4.212953653142679
1.8705366379982948
-0.8981371492223915
2.55815825076404
1.4873385311104137
0.026086972543308724
2.3381068065207278
1.6942718446150526
3.641642557562017
-1.2131921111029886
3.9190873423657813
-0.3048852848671733
3.5028044182987137
-1.133484857770846
1.0758171936132146
-0.9910373346129479
1.262270028440745
4.224667011888879
2.321742588450434